274.9
277.9
279.1
281.9
277.7
281.1
282.2
280.1
278.4
276.6
279.1
277.7
278.7
277.4
279.2
280
278.9
278.7
278
276.9
276.7
276.7
277.6
277.9
273.9
278.9
275.3
274.7
276.3
274.6
276.3
273.1
274
275
273.4
273
271.5
275.4
274.9
271.7
271.6
272.8
271.5
271.1
269.1
269.8
271.5
270.7
269.3
268.6
269.8
267.6
265.3
265.2
267.6
265.9
265.5
260.7
266.7
265.5
263.2
262.7
261.2
261.1
259.4
262.1
262.9
258.1
257.6
262.3
263
260.7
258.4
260.1
260.4
259.7
259.2
260.8
259.6
259.3
258.3
261.3
260.7
261.8
259
260.9
260.4
259.3
262
263.7
263.8
265.2
260.6
260.9
263
263.8
264.4
264.2
264
263.4
265.7
264.9
267.5
266.9
266
265.1
267.6
264.8
264.8
265
265.3
264.4
264.1
264.2
264.5
264
263
265.2
258.8
260.8
255.4
253.9
253.8
250.7
249.7
251.1
250.7
245.3
245.3
246.6
243.2
240.3
237.5
237.6
234.2
238.3
237.3
237.9
237.6
236.4
239.2
238.6
238.6
239.1
228.5
228.4
226.1
225.2
224.5
222
221
220.9
219.4
214
207.5
207.7
202.9
200.8
195.2
193.9
191
188.5
188.5
189.2
187
188.6
189.4
192.3
188.3
188.7
188.8
190
188
188.2
195
187.8
186.9
186.5
184.7
186.1
185.7
184.4
189.2
191.6
188.5
191.7
205.3
209.1
209.1
189.3
188.4
210.1
215.7
190.4
221.7
210.4
195.3
191.4
194.9
227.3
229.1
217.1
221.7
230.9
241.1
236.4
228
214.2
217
208
224.2
228.3
232
225.8
230.8
236.9
228.1
236.9
230.6
238.2
245.6
251.2
256.7
266.3
261.4
274.5
273.2
262.5
267.6
273.7
271.9
265.2
277.6
272.1
276.4
268.7
266.6
266.3
279.7
273
277.1
273.7
267.1
262.5
262.6
275.3
275.6
274
287.1
286.8
282.6
264.1
263.4
257.9
259
245
240.4
228.9
223.5
223.9
220.3
210.6
208.9
203.7
204.5
200.4
198
198
201.7
200.7
202.4
195.8
201.1
194.3
193.4
194.2
190.2
192.3
196.5
195.6
196.4
190.4
196.9
203
191.9
188.9
200.6
189
185.5
187.5
204.3
196.5
191.6
190.1
186.7
183.8
196.6
197.8
197.7
196
190.3
189.4
190.1
207.7
213.2
217.7
198.1
199.7
203.4
210.7
231.3
231.4
220.3
218
226.5
220
226.4
241.2
242.6
250.9
239.1
247.6
244.4
231.9
232.2
228.6
226.3
229.4
231.4
238.1
237.2
230
240.5
242.2
244.6
243.9
247.2
252
246.9
239.5
257.4
243.4
251.2
241.4
240.3
242.6
247.5
251.7
251.1
245.3
240.5
214.1
216.1
207.1
208.8
205.6
203.3
215.7
235.5
234.5
233.1
224.5
232.4
233.9
241.6
245.2
252.1
241.4
247.4
243.1
239.1
245.6
245.8
247.4
252.8
259.7
263.2
279
280.2
263.7
252.3
249.9
236.7
230.4
219.4
214.7
200.2
213.9
195.4
196.7
195.4
199
201.9
204
203.9
209.6
205.7
208.9
214.6
228.1
199.9
211.7
188.7
187.2
194.2
198.8
184.7
190.4
193.9
194.1
198.4
193.2
202.2
204.5
211
215.3
223.7
231.3
228
226.4
231.4
230.4
231
234.9
220.4
217.1
207.6
206
206.7
212.7
213.1
217.1
224.4
231
236.1
239
236
240.2
240.7
250.2
248.6
244.8
225.8
227.8
226.2
233.2
237.8
239
241.9
251.6
256.7
257.1
246.8
272.6
251.6
245.2
233.4
255.8
249.2
257.2
260.4
260.3
260.5
266.2
264
266.1
270.1
271.9
275.1
265
271.7
272.6
273.1
282.4
289.1
288.4
298.6
278.1
285.8
278.6
270.5
255.7
241.9
239.6
234.2
250.1
200.7
205.2
204.8
211.9
220.3
221.1
216.2
209.4
209.2
193
186.1
185.8
201.2
206.3
201.9
199.9
214.7
224.6
229.6
227
240
239.1
246.8
245.8
258.1
264.6
259.2
255.2
250.1
266.3
259.5
273.6
260.7
276.3
277.1
283.2
283.1
275.7
276.5
280.5
279.6
285.6
284.5
275.2
274.2
282.6
283.5
274.9
264.9
271.6
276.4
271.7
273.4
271.8
274.6
273.7
271.2
273.8
268.6
266.4
270.6
267.7
268.3
270.8
270
265.4
255.3
252.1
248.2
242.5
219.7
227.2
211.5
207.6
209.8
207.5
200.3
201.7
201.3
202
199.1
201.1
203.5
208.1
201.7
201.2
204.9
201.9
198.4
193.3
192.5
199.1
204.3
203.3
208.3
202.4
195.5
190.7
194.4
199.9
205.2
210
208.1
204.4
203.4
205.5
206.5
215.5
218.7
229.2
232.7
243.7
243.9
245.6
241.2
233.1
232.8
236.6
239.1
236.5
231.3
220.8
218.8
223.8
223.4
227.3
231.4
231.4
231.2
233
232.9
231.3
237.1
242
240.9
252.8
249.3
242.6
243.3
246.7
243.7
239.7
239.1
238.3
238.5
237.6
236.4
236.5
232.8
230.6
230.8
228.2
230.8
231.2
232
232.2
234.1
233.9
235.5
236
238.2
237
240.3
233.4
236.4
235.2
242
238.2
239.2
241.5
243
247.2
246.2
245.5
245.3
247.7
245.5
243.5
241.9
236.8
235.8
233.7
230.3
227.8
224.7
222.7
221.2
220.3
220.7
214.5
211.4
204.4
200
195.1
193.8
190.5
199.8
199.4
205
206.4
212.9
211.2
205
203.6
208.1
210.3
209.6
209.7
204.6
202.5
208.8
213.6
215.2
219.9
221.7
222.3
226.3
222.1
220.3
223.6
224.3
226.7
233.9
241
243
249.1
244
250.5
245.6
240.4
238.1
234.5
229.7
230.2
230.3
228.3
231.6
231.9
234.6
234.1
240.1
242.3
245.7
245.8
247.6
251.4
252.4
252.6
251.4
253.7
254.3
253.9
254.5
253.2
253.9
252.8
253
250.2
251.3
250
251.3
251.8
251.8
249.6
251.6
250.3
246.3
247.7
249.2
248.7
251.8
251.9
252.1
248.9
252.5
252.9
251.3
251.3
251.1
249.1
252.9
251.5
244.1
243.8
236.2
230.3
225.2
219.4
215.4
209.9
206.7
210.6
224
226
234.4
238.8
246.3
250.2
248.1
243.6
237.4
225.7
229.4
233.2
238.1
238
232.9
221.2
216.4
216.3
219
226
229.4
232.5
237.9
239.1
244.5
248.5
254.6
259.2
257.7
259.6
258
256
252.5
252.4
252.3
247.9
245.4
243
238.6
237.3
234.3
227.8
214.9
205
198.7
199.9
199.5
195.6
192.1
193.9
193
194.3
187.7
189.1
190.2
190.4
194.1
194.6
188.6
190.5
192.1
194.8
187.8
192
185.8
185.3
191.3
193.2
198.4
198.7
191.3
189.2
182.4
183.9
186.6
189.8
187.8
189
189.1
185.8
178.2
178.5
172.7
171.6
175.6
178.5
185.5
189.3
192.6
194.6
192.5
194.8
198.7
202.3
209.2
213.7
220
217.4
214
215.6
217.4
226.5
230
230.8
230.3
223
225
218.4
216.2
217.3
219.7
222.6
221.3
218.7
217.5
217.5
219.4
219.5
219.7
223.5
224.4
224.3
227.3
228.7
228.8
232.3
233
235.8
234.9
235.8
239.9
235.6
234.8
240
234
235.6
236.6
235.5
235.9
232.9
234.8
234.1
234.1
235.4
234.4
235.8
236.9
236.7
237.6
234.6
234.8
235.4
232.9
232.4
232.2
231
228
226.4
227.7
227.6
226
228.7
227.6
228.2
228.8
229.3
230.3
232.4
232.8
231.2
231.2
233.9
228.5
228.6
228.1
219.7
220.2
218.9
218.7
218.5
222.3
221.7
217.7
222.1
208.1
205
192.9
184.3
187.8
195.2
206.3
211.3
213.4
213.2
210.3
206.3
206.6
208.1
204.5
205.5
205.1
205.4
204
204.1
204.9
203.8
205.9
203.9
204.4
205.3
207.4
201.7
201.3
204.1
209.7
208.1
211.3
210.6
206.5
200.3
197.8
185
178.9
178.6
176.6
177.9
182.3
181.7
180.4
181.2
182
180.2
183.1
180.8
180.8
180.4
181.4
182.9
184.8
184
186.2
190.1
188
196.5
191.5
195.8
200.5
201.9
206
210.7
215
219.2
215.3
217.6
217.9
214.9
208.8
206.9
206.1
212
216
215
225.7
221.4
224.1
222.6
216.8
215.7
213.5
217.7
222.4
221.4
228.1
226
231.5
235.6
238.2
235.6
237.7
229.5
230.9
230
233.3
236.9
240.5
238.8
243.9
246.3
246.1
245.8
243.9
248.5
242.8
248.7
246.2
252.1
246.9
250.7
253.3
255.4
260.3
256.9
248.1
247.9
229.5
226.3
218.2
221.3
215.4
205.1
204
209
199.4
195.2
189.3
188.4
191
