417.64
414.74
412.18
409.59
407.53
405.06
401.74
399.91
397.66
394.59
392.8
391.37
389.04
386.28
384.81
382.86
380.95
379.05
376.64
374.3
372.63
370.75
369.84
367.36
364.65
364.28
361.98
360.11
358.59
357.97
357.33
355.75
354.08
352.5
349.81
348.25
347.91
345.68
343.37
342.78
341.63
340.07
338.27
336.66
334.96
333.36
331.94
331.48
330.3
327.75
327.17
326.93
325.63
323.89
323.04
322.39
320.89
320.74
319.86
319.68
318.54
317.58
316.65
315.7
313
312.4
311.9
311.5
311.1
310.7
310.5
310.3
310.2
310.1
310.1
310.1
310.2
310.3
310.4
310.4
310.3
310.2
310
309.8
309.4
309
308.6
308.2
307.7
307.2
306.8
306.3
305.8
305.4
305
304.5
304.1
303.8
303.4
303
302.7
302.4
302.1
301.7
301.4
301.1
300.8
300.4
300.1
299.7
299.3
298.9
298.5
298.1
297.6
297.2
296.8
296.5
296.1
295.8
295.5
295.2
295
294.9
294.8
294.7
294.6
294.5
294.3
294.2
294
293.8
293.6
293.3
293
292.6
292.1
291.7
291.2
290.7
290.2
289.8
289.4
289
288.7
288.4
288.1
287.9
287.7
287.5
287.4
287.2
287.1
287
286.9
286.8
286.6
286.5
286.4
286.2
286.1
285.9
285.7
285.6
285.4
285.3
285.1
285
284.9
284.7
284.6
284.4
284.2
284.1
283.9
283.7
283.6
283.5
283.4
283.4
283.4
283.4
283.5
283.7
283.8
284
284.1
284.3