   1.9650000e+03   7.0000000e+00   1.2500000e+00
   1.9650000e+03   9.0000000e+00   3.1632500e+00
   1.9650000e+03   1.1000000e+01   1.3500000e+00
   1.9650000e+03   1.2000000e+01   1.2357500e+00
   1.9660000e+03   2.0000000e+00   1.7596667e+00
   1.9660000e+03   3.0000000e+00   1.6370000e+00
   1.9660000e+03   5.0000000e+00   1.2190000e+00
   1.9660000e+03   7.0000000e+00   2.2101250e+00
   1.9660000e+03   9.0000000e+00   2.4676667e+00
   1.9660000e+03   1.0000000e+01   4.3816667e+00
   1.9660000e+03   1.2000000e+01   5.6000000e+00
   1.9670000e+03   2.0000000e+00   4.7756667e+00
   1.9670000e+03   5.0000000e+00   2.4105000e+00
   1.9670000e+03   6.0000000e+00   7.0760000e+00
   1.9670000e+03   7.0000000e+00   2.3670000e+00
   1.9670000e+03   8.0000000e+00   1.5242500e+00
   1.9670000e+03   9.0000000e+00   2.1400000e+00
   1.9670000e+03   1.0000000e+01   8.8290000e+00
   1.9670000e+03   1.1000000e+01   1.6541538e+00
   1.9670000e+03   1.2000000e+01   2.3010000e+00
   1.9680000e+03   2.0000000e+00   1.6709167e+00
   1.9680000e+03   3.0000000e+00   2.3871667e+00
   1.9680000e+03   4.0000000e+00   1.5878000e+01
   1.9680000e+03   5.0000000e+00   9.0080000e-01
   1.9680000e+03   6.0000000e+00   3.2456667e+00
   1.9680000e+03   7.0000000e+00   1.3289500e+01
   1.9680000e+03   8.0000000e+00   3.8848000e+00
   1.9680000e+03   9.0000000e+00   3.4663333e+00
   1.9680000e+03   1.0000000e+01   8.2971667e+00
   1.9680000e+03   1.1000000e+01   7.8380000e+00
   1.9680000e+03   1.2000000e+01   4.8970000e+00
   1.9690000e+03   1.0000000e+00   6.5500000e+00
   1.9690000e+03   2.0000000e+00   6.7007143e+00
   1.9690000e+03   3.0000000e+00   5.9717778e+00
   1.9690000e+03   4.0000000e+00   6.7922000e+00
   1.9690000e+03   5.0000000e+00   1.0080000e+00
   1.9690000e+03   6.0000000e+00   7.0375000e+00
   1.9690000e+03   7.0000000e+00   7.6190000e+00
   1.9690000e+03   8.0000000e+00   1.3593750e+01
   1.9690000e+03   9.0000000e+00   3.1640000e+00
   1.9690000e+03   1.0000000e+01   2.3750000e+01
   1.9690000e+03   1.1000000e+01   6.8952500e+00
   1.9690000e+03   1.2000000e+01   2.8581667e+00
   1.9700000e+03   1.0000000e+00   2.6875000e+00
   1.9700000e+03   2.0000000e+00   2.4958000e+00
   1.9700000e+03   3.0000000e+00   2.7915385e+00
   1.9700000e+03   4.0000000e+00   1.4754444e+00
   1.9700000e+03   5.0000000e+00   9.1467143e+00
   1.9700000e+03   6.0000000e+00   1.9355000e+00
   1.9700000e+03   7.0000000e+00   1.9628000e+00
   1.9700000e+03   8.0000000e+00   1.7723333e+00
   1.9700000e+03   9.0000000e+00   1.6240000e+00
   1.9700000e+03   1.1000000e+01   2.9462000e+00
   1.9700000e+03   1.2000000e+01   1.6220000e+00
   1.9710000e+03   2.0000000e+00   2.1705714e+00
   1.9710000e+03   3.0000000e+00   1.8358571e+00
   1.9710000e+03   4.0000000e+00   5.5622727e+00
   1.9710000e+03   5.0000000e+00   1.2050000e+00
   1.9710000e+03   6.0000000e+00   7.0100000e+00
   1.9710000e+03   7.0000000e+00   2.1036250e+00
   1.9710000e+03   8.0000000e+00   2.7518000e+01
   1.9710000e+03   9.0000000e+00   7.2376667e+00
   1.9710000e+03   1.0000000e+01   1.5996786e+01
   1.9710000e+03   1.1000000e+01   5.3162500e+01
   1.9710000e+03   1.2000000e+01   2.6843667e+01
   1.9720000e+03   1.0000000e+00   1.6289231e+01
   1.9720000e+03   2.0000000e+00   2.5850000e+01
   1.9720000e+03   3.0000000e+00   1.1998214e+01
   1.9720000e+03   4.0000000e+00   3.2722857e+01
   1.9720000e+03   5.0000000e+00   1.7483636e+01
   1.9720000e+03   6.0000000e+00   1.1549091e+01
   1.9720000e+03   7.0000000e+00   2.8491667e+01
   1.9720000e+03   8.0000000e+00   1.6338750e+01
   1.9720000e+03   9.0000000e+00   1.7754286e+01
   1.9720000e+03   1.0000000e+01   2.0687500e+01
   1.9720000e+03   1.1000000e+01   5.2420000e+01
   1.9720000e+03   1.2000000e+01   1.8584643e+01
   1.9730000e+03   1.0000000e+00   2.0750625e+01
   1.9730000e+03   2.0000000e+00   3.2884444e+01
   1.9730000e+03   3.0000000e+00   1.3324687e+01
   1.9730000e+03   4.0000000e+00   1.5985000e+01
   1.9730000e+03   5.0000000e+00   2.1346364e+01
   1.9730000e+03   6.0000000e+00   8.2784615e+00
   1.9730000e+03   7.0000000e+00   5.9641667e+00
   1.9730000e+03   8.0000000e+00   3.2810000e+01
   1.9730000e+03   9.0000000e+00   1.0095000e+01
   1.9730000e+03   1.0000000e+01   1.5262333e+01
   1.9730000e+03   1.1000000e+01   3.8805000e+01
   1.9730000e+03   1.2000000e+01   2.6228333e+01
   1.9740000e+03   1.0000000e+00   2.5873333e+01
   1.9740000e+03   2.0000000e+00   6.8845000e+00
   1.9740000e+03   3.0000000e+00   1.1962500e+01
   1.9740000e+03   4.0000000e+00   1.2527778e+01
   1.9740000e+03   5.0000000e+00   1.4491667e+01
   1.9740000e+03   6.0000000e+00   2.1381250e+01
   1.9740000e+03   7.0000000e+00   1.5872857e+01
   1.9740000e+03   8.0000000e+00   1.1675000e+01
   1.9740000e+03   9.0000000e+00   2.5348750e+01
   1.9740000e+03   1.0000000e+01   1.8255000e+01
   1.9740000e+03   1.1000000e+01   4.0892857e+00
   1.9750000e+03   1.0000000e+00   2.0268571e+00
   1.9750000e+03   2.0000000e+00   2.5892857e+00
   1.9750000e+03   3.0000000e+00   2.5972222e+00
   1.9750000e+03   4.0000000e+00   2.9376000e+00
   1.9750000e+03   5.0000000e+00   1.2746875e+01
   1.9750000e+03   6.0000000e+00   5.4436364e+00
   1.9750000e+03   7.0000000e+00   3.2566364e+00
   1.9750000e+03   8.0000000e+00   2.8707500e+01
   1.9750000e+03   9.0000000e+00   3.8403333e+00
   1.9750000e+03   1.0000000e+01   2.7777778e+00
   1.9750000e+03   1.1000000e+01   2.2200000e+01
   1.9750000e+03   1.2000000e+01   9.7618182e+00
   1.9760000e+03   1.0000000e+00   4.2697500e+01
   1.9760000e+03   2.0000000e+00   1.4642857e+00
   1.9760000e+03   3.0000000e+00   4.4553846e+00
   1.9760000e+03   4.0000000e+00   2.9453846e+00
   1.9760000e+03   5.0000000e+00   5.5450000e+00
   1.9760000e+03   6.0000000e+00   1.7777778e+00
   1.9760000e+03   7.0000000e+00   1.0833333e+00
   1.9760000e+03   8.0000000e+00   1.1305714e+01
   1.9760000e+03   9.0000000e+00   5.8439286e+00
   1.9760000e+03   1.0000000e+01   7.7350000e+00
   1.9760000e+03   1.1000000e+01   6.8307143e+00
   1.9760000e+03   1.2000000e+01   1.9158500e+01
   1.9770000e+03   1.0000000e+00   7.2539286e+00
   1.9770000e+03   2.0000000e+00   1.2002000e+01
   1.9770000e+03   3.0000000e+00   2.1162000e+01
   1.9770000e+03   4.0000000e+00   1.8392857e+00
   1.9770000e+03   5.0000000e+00   4.9550000e+00
   1.9770000e+03   6.0000000e+00   1.2598333e+01
   1.9770000e+03   7.0000000e+00   6.2315385e+00
   1.9770000e+03   8.0000000e+00   8.4597059e+00
   1.9770000e+03   1.0000000e+01   1.1349706e+01
   1.9770000e+03   1.1000000e+01   4.7430769e+00
   1.9770000e+03   1.2000000e+01   1.1365000e+01
   1.9780000e+03   2.0000000e+00   1.0062188e+01
   1.9780000e+03   3.0000000e+00   8.3338235e+00
   1.9780000e+03   4.0000000e+00   1.0866250e+01
   1.9780000e+03   5.0000000e+00   5.9323529e+00
   1.9780000e+03   6.0000000e+00   6.2350000e+00
   1.9780000e+03   7.0000000e+00   1.4217500e+01
   1.9780000e+03   8.0000000e+00   3.3373333e+00
   1.9780000e+03   9.0000000e+00   1.3455937e+01
   1.9780000e+03   1.0000000e+01   1.6816111e+01
   1.9780000e+03   1.1000000e+01   1.5246250e+01
   1.9780000e+03   1.2000000e+01   1.3738846e+01
   1.9790000e+03   1.0000000e+00   1.1471538e+01
   1.9790000e+03   2.0000000e+00   8.7375000e+00
   1.9790000e+03   3.0000000e+00   7.3059375e+00
   1.9790000e+03   4.0000000e+00   1.0527500e+01
   1.9790000e+03   5.0000000e+00   4.9171875e+00
   1.9790000e+03   6.0000000e+00   8.9850000e+00
   1.9790000e+03   7.0000000e+00   4.5125000e+00
   1.9790000e+03   8.0000000e+00   4.4965625e+00
   1.9790000e+03   9.0000000e+00   3.4640000e+00
   1.9790000e+03   1.0000000e+01   1.6254000e+01
   1.9790000e+03   1.1000000e+01   8.2810000e+00
   1.9790000e+03   1.2000000e+01   7.0702941e+00
   1.9800000e+03   1.0000000e+00   6.1038235e+00
   1.9800000e+03   2.0000000e+00   1.3795714e+01
   1.9800000e+03   3.0000000e+00   4.4557895e+00
   1.9800000e+03   4.0000000e+00   2.9850000e+00
   1.9800000e+03   5.0000000e+00   1.2859091e+00
   1.9800000e+03   6.0000000e+00   6.5130000e+00
   1.9800000e+03   7.0000000e+00   2.3626471e+00
   1.9800000e+03   8.0000000e+00   5.5285294e+00
   1.9800000e+03   9.0000000e+00   1.7105741e+01
   1.9800000e+03   1.0000000e+01   1.8156250e+01
   1.9800000e+03   1.1000000e+01   1.1156410e+01
   1.9800000e+03   1.2000000e+01   1.3271333e+01
   1.9810000e+03   1.0000000e+00   4.6950000e+00
   1.9810000e+03   2.0000000e+00   2.6925000e+00
   1.9810000e+03   3.0000000e+00   7.6515319e+00
   1.9810000e+03   4.0000000e+00   2.5036207e+00
   1.9810000e+03   5.0000000e+00   2.4228571e+00
   1.9810000e+03   6.0000000e+00   7.0041146e+00
   1.9810000e+03   7.0000000e+00   7.4473404e+00
   1.9810000e+03   8.0000000e+00   4.0609677e+00
   1.9810000e+03   9.0000000e+00   6.6587857e+00
   1.9810000e+03   1.0000000e+01   9.2780820e+00
   1.9810000e+03   1.1000000e+01   4.7420000e+00
   1.9810000e+03   1.2000000e+01   1.3486383e+01
   1.9820000e+03   1.0000000e+00   1.3139326e+00
   1.9820000e+03   2.0000000e+00   7.2139833e+00
   1.9820000e+03   3.0000000e+00   1.7520952e+01
   1.9820000e+03   4.0000000e+00   3.8119000e+00
   1.9820000e+03   5.0000000e+00   1.1666667e+00
   1.9820000e+03   6.0000000e+00   4.8681389e+00
   1.9820000e+03   7.0000000e+00   9.1331481e+00
   1.9820000e+03   8.0000000e+00   5.1677027e+00
   1.9820000e+03   9.0000000e+00   7.2699306e+00
   1.9820000e+03   1.0000000e+01   1.3157727e+01
   1.9820000e+03   1.1000000e+01   5.4892593e+00
   1.9820000e+03   1.2000000e+01   5.1415625e+00
   1.9830000e+03   1.0000000e+00   9.2584483e+00
   1.9830000e+03   2.0000000e+00   1.7400000e-01
   1.9830000e+03   3.0000000e+00   8.7444444e+00
   1.9830000e+03   4.0000000e+00   2.4035294e+00
   1.9830000e+03   5.0000000e+00   8.5390769e+00
   1.9830000e+03   6.0000000e+00   4.4666667e-01
   1.9830000e+03   7.0000000e+00   1.8742727e+01
   1.9830000e+03   8.0000000e+00   1.5468750e+00
   1.9830000e+03   9.0000000e+00   4.2284615e+01
   1.9830000e+03   1.0000000e+01   5.4350000e+00
   1.9830000e+03   1.1000000e+01   2.1060417e+01
   1.9830000e+03   1.2000000e+01   4.3500000e+00
   1.9840000e+03   1.0000000e+00   2.8023913e+01
   1.9840000e+03   2.0000000e+00   2.0661769e+01
   1.9840000e+03   3.0000000e+00   3.9912500e+01
   1.9840000e+03   4.0000000e+00   5.1463000e+00
   1.9840000e+03   5.0000000e+00   2.6307345e+01
   1.9840000e+03   6.0000000e+00   2.1280000e+01
   1.9840000e+03   7.0000000e+00   2.2636652e+01
   1.9840000e+03   8.0000000e+00   3.0026000e+01
   1.9840000e+03   9.0000000e+00   2.2150333e+01
   1.9840000e+03   1.0000000e+01   1.5767650e+01
   1.9840000e+03   1.1000000e+01   3.5158889e+01
   1.9840000e+03   1.2000000e+01   1.3128937e+01
   1.9850000e+03   1.0000000e+00   3.8581522e+01
   1.9850000e+03   2.0000000e+00   2.0132889e+01
   1.9850000e+03   3.0000000e+00   5.0181111e+01
   1.9850000e+03   4.0000000e+00   2.3658842e+01
   1.9850000e+03   5.0000000e+00   2.5529130e+01
   1.9850000e+03   6.0000000e+00   2.3030188e+01
   1.9850000e+03   7.0000000e+00   1.8373333e+01
   1.9850000e+03   8.0000000e+00   1.5239105e+01
   1.9850000e+03   9.0000000e+00   2.2555556e+01
   1.9850000e+03   1.0000000e+01   8.3164348e+00
   1.9850000e+03   1.1000000e+01   2.5373333e+01
   1.9850000e+03   1.2000000e+01   1.4378125e+01
   1.9860000e+03   1.0000000e+00   2.4600000e+01
   1.9860000e+03   2.0000000e+00   1.2565000e+01
   1.9860000e+03   3.0000000e+00   5.6557692e+00
   1.9860000e+03   4.0000000e+00   4.9153846e+00
   1.9860000e+03   5.0000000e+00   4.3140000e+00
   1.9860000e+03   6.0000000e+00   2.3653846e+00
   1.9860000e+03   7.0000000e+00   1.2113000e+00
   1.9860000e+03   8.0000000e+00   5.0764706e+00
   1.9860000e+03   9.0000000e+00   3.7200000e+00
   1.9860000e+03   1.0000000e+01   1.6461250e+00
   1.9860000e+03   1.1000000e+01   1.2050000e+01
   1.9860000e+03   1.2000000e+01   9.4068182e+00
   1.9870000e+03   2.0000000e+00   3.6092593e+00
   1.9870000e+03   3.0000000e+00   2.6510833e+00
   1.9870000e+03   4.0000000e+00   8.3333333e-01
   1.9870000e+03   5.0000000e+00   5.9046316e+00
   1.9870000e+03   6.0000000e+00   7.4536222e+00
   1.9870000e+03   7.0000000e+00   2.6042222e+00
   1.9870000e+03   8.0000000e+00   1.1428571e+00
   1.9870000e+03   9.0000000e+00   1.6700000e+01
   1.9870000e+03   1.0000000e+01   3.7500000e+00
   1.9870000e+03   1.1000000e+01   1.6001810e+01
   1.9870000e+03   1.2000000e+01   1.3143750e+01
   1.9880000e+03   1.0000000e+00   2.1388889e+00
   1.9880000e+03   2.0000000e+00   8.1638889e+00
   1.9880000e+03   3.0000000e+00   1.0115385e+01
   1.9880000e+03   4.0000000e+00   4.1725000e+00
   1.9880000e+03   5.0000000e+00   1.2236111e+01
   1.9880000e+03   6.0000000e+00   8.0943182e+00
   1.9880000e+03   7.0000000e+00   7.4365217e+00
   1.9880000e+03   8.0000000e+00   3.8803448e+00
   1.9880000e+03   9.0000000e+00   1.8304286e+00
   1.9880000e+03   1.0000000e+01   8.8875000e+00
   1.9880000e+03   1.1000000e+01   1.8182609e+01
   1.9880000e+03   1.2000000e+01   1.5271053e+01
   1.9890000e+03   1.0000000e+00   5.0788462e+00
   1.9890000e+03   2.0000000e+00   2.8519231e+00
   1.9890000e+03   3.0000000e+00   2.8538000e+00
   1.9890000e+03   4.0000000e+00   5.6885000e+00
   1.9890000e+03   5.0000000e+00   1.6909861e+01
   1.9890000e+03   6.0000000e+00   2.8170000e+00
   1.9890000e+03   7.0000000e+00   2.9541667e+00
   1.9890000e+03   8.0000000e+00   1.0159375e+01
   1.9890000e+03   9.0000000e+00   1.0635500e+01
   1.9890000e+03   1.0000000e+01   9.4062500e+00
   1.9890000e+03   1.1000000e+01   1.4141667e+01
   1.9890000e+03   1.2000000e+01   1.8306000e+01
   1.9900000e+03   1.0000000e+00   7.1125000e+00
   1.9900000e+03   2.0000000e+00   1.6892091e+01
   1.9900000e+03   3.0000000e+00   5.3653333e+00
   1.9900000e+03   4.0000000e+00   1.7081667e+01
   1.9900000e+03   5.0000000e+00   6.5246667e+00
   1.9900000e+03   6.0000000e+00   1.3460368e+01
   1.9900000e+03   7.0000000e+00   9.2563265e+00
   1.9900000e+03   8.0000000e+00   7.3410588e+00
   1.9900000e+03   9.0000000e+00   6.7333333e+00
   1.9900000e+03   1.0000000e+01   6.0297619e+00
   1.9900000e+03   1.1000000e+01   3.9631000e+00
   1.9900000e+03   1.2000000e+01   4.2313333e+00
   1.9910000e+03   1.0000000e+00   3.3048000e+00
   1.9910000e+03   3.0000000e+00   5.2165455e+00
   1.9910000e+03   4.0000000e+00   1.7777778e+00
   1.9910000e+03   5.0000000e+00   2.1833333e+00
   1.9910000e+03   6.0000000e+00   1.9386364e+00
   1.9910000e+03   7.0000000e+00   1.9000000e+00
   1.9910000e+03   8.0000000e+00   1.5208889e+00
   1.9910000e+03   9.0000000e+00   3.8074615e+00
   1.9910000e+03   1.0000000e+01   5.2142857e+00
   1.9910000e+03   1.1000000e+01   5.1328421e+00
   1.9910000e+03   1.2000000e+01   1.6000000e+00
   1.9920000e+03   1.0000000e+00   1.1436736e+01
   1.9920000e+03   2.0000000e+00   1.7243604e+01
   1.9920000e+03   3.0000000e+00   1.1082215e+01
   1.9920000e+03   4.0000000e+00   1.1167946e+01
   1.9920000e+03   5.0000000e+00   1.0070491e+01
   1.9920000e+03   6.0000000e+00   1.1711461e+01
   1.9920000e+03   7.0000000e+00   1.4048000e+00
   1.9920000e+03   8.0000000e+00   4.3779861e+00
   1.9920000e+03   9.0000000e+00   8.4088850e+00
   1.9920000e+03   1.0000000e+01   1.1779500e+00
   1.9920000e+03   1.1000000e+01   6.1086212e+00
   1.9920000e+03   1.2000000e+01   1.7632091e+01
   1.9930000e+03   1.0000000e+00   3.4602687e+00
   1.9930000e+03   2.0000000e+00   3.5049787e+00
   1.9930000e+03   3.0000000e+00   9.2522564e+00
   1.9930000e+03   4.0000000e+00   3.3887200e+00
   1.9930000e+03   5.0000000e+00   4.3547692e+00
   1.9930000e+03   6.0000000e+00   5.8363333e+00
   1.9930000e+03   7.0000000e+00   2.2405000e+00
   1.9930000e+03   8.0000000e+00   3.8566422e+00
   1.9930000e+03   9.0000000e+00   3.1896400e+00
   1.9930000e+03   1.0000000e+01   3.7527231e+00
   1.9930000e+03   1.1000000e+01   5.4190278e+00
   1.9930000e+03   1.2000000e+01   3.3672222e+00
   1.9940000e+03   1.0000000e+00   6.1820909e+00
   1.9940000e+03   2.0000000e+00   4.0197259e+00
   1.9940000e+03   3.0000000e+00   6.6388421e+00
   1.9940000e+03   4.0000000e+00   6.3893333e+00
   1.9940000e+03   5.0000000e+00   4.8164661e+00
   1.9940000e+03   6.0000000e+00   3.8592069e+00
   1.9940000e+03   7.0000000e+00   3.9856364e+00
   1.9940000e+03   8.0000000e+00   4.3764275e+00
   1.9940000e+03   9.0000000e+00   3.7102593e+00
   1.9940000e+03   1.0000000e+01   1.3818895e+01
   1.9940000e+03   1.1000000e+01   1.4254737e+01
   1.9940000e+03   1.2000000e+01   6.0466667e+00
   1.9950000e+03   1.0000000e+00   6.5258750e+00
   1.9950000e+03   2.0000000e+00   6.7350000e+00
   1.9950000e+03   3.0000000e+00   1.1276667e+01
   1.9950000e+03   4.0000000e+00   6.6500000e+00
   1.9950000e+03   5.0000000e+00   1.1132414e+01
   1.9950000e+03   6.0000000e+00   4.9857143e+00
   1.9950000e+03   7.0000000e+00   3.9379000e+00
   1.9950000e+03   8.0000000e+00   2.8430526e+00
   1.9950000e+03   9.0000000e+00   4.4228571e+00
   1.9950000e+03   1.0000000e+01   3.0333333e+00
   1.9950000e+03   1.1000000e+01   7.4094574e+00
   1.9950000e+03   1.2000000e+01   1.2819900e+01
   1.9960000e+03   1.0000000e+00   4.2596400e+01
   1.9960000e+03   2.0000000e+00   1.2425000e+01
   1.9960000e+03   3.0000000e+00   1.1810231e+01
   1.9960000e+03   4.0000000e+00   1.8039167e+01
   1.9960000e+03   5.0000000e+00   8.0404000e+00
   1.9960000e+03   6.0000000e+00   1.1513429e+01
   1.9960000e+03   7.0000000e+00   2.3852143e+01
   1.9960000e+03   8.0000000e+00   4.9876800e+00
   1.9960000e+03   9.0000000e+00   1.9637100e+01
   1.9960000e+03   1.0000000e+01   9.0548889e+00
   1.9960000e+03   1.1000000e+01   1.7217460e+01
   1.9960000e+03   1.2000000e+01   6.9629076e+00
   1.9970000e+03   1.0000000e+00   1.2820820e+01
   1.9970000e+03   2.0000000e+00   1.5958263e+01
   1.9970000e+03   3.0000000e+00   3.0992682e+01
   1.9970000e+03   4.0000000e+00   3.1999375e+00
   1.9970000e+03   5.0000000e+00   6.4439841e+00
   1.9970000e+03   6.0000000e+00   2.0463676e+01
   1.9970000e+03   7.0000000e+00   1.5892955e+00
   1.9970000e+03   8.0000000e+00   8.8416078e+00
   1.9970000e+03   9.0000000e+00   3.8953214e+00
   1.9970000e+03   1.0000000e+01   7.4625568e+00
   1.9970000e+03   1.1000000e+01   2.8314565e+00
   1.9970000e+03   1.2000000e+01   1.1670234e+01
   1.9980000e+03   1.0000000e+00   2.7380122e+01
   1.9980000e+03   2.0000000e+00   6.3892550e+00
   1.9980000e+03   3.0000000e+00   8.9027744e+00
   1.9980000e+03   4.0000000e+00   9.6232620e+00
   1.9980000e+03   5.0000000e+00   6.2392536e+00
   1.9980000e+03   6.0000000e+00   1.2857469e+01
   1.9980000e+03   7.0000000e+00   7.3727933e+00
   1.9980000e+03   8.0000000e+00   1.1799026e+01
   1.9980000e+03   9.0000000e+00   4.8922105e+00
   1.9980000e+03   1.0000000e+01   1.4195330e+01
   1.9980000e+03   1.1000000e+01   6.7537762e+00
   1.9980000e+03   1.2000000e+01   1.1620837e+01
   1.9990000e+03   1.0000000e+00   1.3588395e+01
   1.9990000e+03   2.0000000e+00   4.2474892e+00
   1.9990000e+03   3.0000000e+00   9.9066589e+00
   1.9990000e+03   4.0000000e+00   6.2817649e+00
   1.9990000e+03   5.0000000e+00   5.3271465e+00
   1.9990000e+03   6.0000000e+00   4.6397586e+00
   1.9990000e+03   7.0000000e+00   1.0022632e+01
   1.9990000e+03   8.0000000e+00   8.1059452e+00
   1.9990000e+03   9.0000000e+00   6.0770337e+00
   1.9990000e+03   1.0000000e+01   1.3773886e+01
   1.9990000e+03   1.1000000e+01   5.0260990e+00
   1.9990000e+03   1.2000000e+01   6.0658004e+00
   2.0000000e+03   1.0000000e+00   1.1459172e+01
   2.0000000e+03   2.0000000e+00   7.2302692e+00
   2.0000000e+03   3.0000000e+00   2.8066019e+00
   2.0000000e+03   4.0000000e+00   7.3752368e+00
   2.0000000e+03   5.0000000e+00   3.3996141e+00
   2.0000000e+03   6.0000000e+00   7.0001518e+00
   2.0000000e+03   7.0000000e+00   1.2963000e+01
   2.0000000e+03   8.0000000e+00   5.2808540e+00
   2.0000000e+03   9.0000000e+00   1.1933515e+01
   2.0000000e+03   1.0000000e+01   3.9690604e+00
   2.0000000e+03   1.1000000e+01   7.3265983e+00
   2.0000000e+03   1.2000000e+01   7.7954510e+00
   2.0010000e+03   1.0000000e+00   1.5038538e+01
   2.0010000e+03   2.0000000e+00   1.3090735e+01
   2.0010000e+03   3.0000000e+00   1.3876776e+01
   2.0010000e+03   4.0000000e+00   1.2213145e+01
   2.0010000e+03   5.0000000e+00   4.5247271e+00
   2.0010000e+03   6.0000000e+00   1.0327824e+01
   2.0010000e+03   7.0000000e+00   3.6336199e+00
   2.0010000e+03   8.0000000e+00   5.7068133e+00
   2.0010000e+03   9.0000000e+00   7.8418750e+00
   2.0010000e+03   1.0000000e+01   9.3666444e+00
   2.0010000e+03   1.1000000e+01   4.9844734e+00
   2.0010000e+03   1.2000000e+01   9.9348649e-01
   2.0020000e+03   1.0000000e+00   2.4626019e+00
   2.0020000e+03   2.0000000e+00   1.3470059e+01
   2.0020000e+03   3.0000000e+00   6.7860863e+00
   2.0020000e+03   4.0000000e+00   2.8016127e+00
   2.0020000e+03   5.0000000e+00   2.6240383e+00
   2.0020000e+03   6.0000000e+00   4.3110531e+00
   2.0020000e+03   7.0000000e+00   4.4304324e+00
   2.0020000e+03   8.0000000e+00   2.5630253e+00
   2.0020000e+03   9.0000000e+00   9.0399171e+00
   2.0020000e+03   1.0000000e+01   9.1794488e+00
   2.0020000e+03   1.1000000e+01   1.4334872e+00
   2.0020000e+03   1.2000000e+01   1.4146154e-01
   2.0030000e+03   1.0000000e+00   7.4866316e+00
   2.0030000e+03   2.0000000e+00   2.6236316e+00
   2.0030000e+03   3.0000000e+00   6.0226190e-01
   2.0030000e+03   4.0000000e+00   4.7790127e+00
   2.0030000e+03   5.0000000e+00   5.4405556e-01
   2.0030000e+03   6.0000000e+00   2.7736111e-01
   2.0030000e+03   7.0000000e+00   3.9186000e+00
   2.0030000e+03   8.0000000e+00   1.6250000e+00
   2.0030000e+03   9.0000000e+00   1.7419048e-01
   2.0030000e+03   1.0000000e+01   4.8383302e+00
   2.0030000e+03   1.1000000e+01   2.5990000e-01
   2.0030000e+03   1.2000000e+01   5.3106667e-01
   2.0040000e+03   1.0000000e+00   5.2983729e+00
   2.0040000e+03   2.0000000e+00   1.7051818e+00
   2.0040000e+03   3.0000000e+00   6.4553846e-01
   2.0040000e+03   4.0000000e+00   5.0300000e-01
   2.0040000e+03   5.0000000e+00   3.1811905e-01
   2.0040000e+03   6.0000000e+00   1.2778000e+00
   2.0040000e+03   7.0000000e+00   1.5300000e-01
   2.0040000e+03   8.0000000e+00   4.3495584e+00
   2.0040000e+03   9.0000000e+00   5.4231818e-01
   2.0040000e+03   1.0000000e+01   3.7125000e-01
   2.0040000e+03   1.1000000e+01   6.3345714e-01
   2.0040000e+03   1.2000000e+01   6.7011765e-01
   2.0050000e+03   1.0000000e+00   7.0000000e-02
   2.0050000e+03   2.0000000e+00   2.4405000e+00
   2.0050000e+03   3.0000000e+00   6.6872727e-01
   2.0050000e+03   4.0000000e+00   4.7033333e-01
   2.0050000e+03   5.0000000e+00   1.0504375e+00
   2.0050000e+03   6.0000000e+00   3.3060933e+00
   2.0050000e+03   7.0000000e+00   1.0000000e-01
   2.0050000e+03   8.0000000e+00   2.4385000e+00
   2.0050000e+03   9.0000000e+00   7.0960000e-01
   2.0050000e+03   1.1000000e+01   1.1735596e+00
   2.0050000e+03   1.2000000e+01   4.1817500e+00
   2.0060000e+03   1.0000000e+00   2.6883114e+00
   2.0060000e+03   2.0000000e+00   1.2398696e+00
   2.0060000e+03   3.0000000e+00   4.9028636e+00
   2.0060000e+03   4.0000000e+00   1.9768182e+00
   2.0060000e+03   5.0000000e+00   1.2420543e+00
   2.0060000e+03   6.0000000e+00   1.8664370e+00
   2.0060000e+03   7.0000000e+00   4.5345238e-01
   2.0060000e+03   8.0000000e+00   4.7868333e+00
   2.0060000e+03   9.0000000e+00   5.9877167e+00
   2.0060000e+03   1.0000000e+01   6.6197500e+00
   2.0060000e+03   1.1000000e+01   2.9657991e+01
   2.0060000e+03   1.2000000e+01   7.1525714e+00
   2.0070000e+03   1.0000000e+00   1.9345055e+00
   2.0070000e+03   2.0000000e+00   1.7142941e+00
   2.0070000e+03   3.0000000e+00   3.0402840e+01
   2.0070000e+03   4.0000000e+00   3.9613354e+00
   2.0070000e+03   5.0000000e+00   3.8658423e+00
   2.0070000e+03   6.0000000e+00   3.5358333e+00
   2.0070000e+03   7.0000000e+00   1.1830000e-01
   2.0070000e+03   8.0000000e+00   1.1590000e+00
   2.0070000e+03   9.0000000e+00   2.9235385e+00
   2.0070000e+03   1.0000000e+01   1.2763505e+01
   2.0070000e+03   1.1000000e+01   9.9053464e+00
   2.0070000e+03   1.2000000e+01   5.2680947e+00
   2.0080000e+03   1.0000000e+00   5.5777086e+00
   2.0080000e+03   2.0000000e+00   1.7332069e+00
   2.0080000e+03   3.0000000e+00   7.1239762e+00
   2.0080000e+03   4.0000000e+00   4.5461958e+00
   2.0080000e+03   5.0000000e+00   4.7248896e+00
   2.0080000e+03   6.0000000e+00   1.5855556e+00
   2.0080000e+03   7.0000000e+00   1.8266250e+00
   2.0080000e+03   8.0000000e+00   8.6432903e+00
   2.0080000e+03   9.0000000e+00   8.2855963e+00
   2.0080000e+03   1.0000000e+01   1.0070294e+00
   2.0080000e+03   1.1000000e+01   4.4003706e+00
   2.0080000e+03   1.2000000e+01   1.5556751e+01
   2.0090000e+03   1.0000000e+00   1.5915310e+01
   2.0090000e+03   2.0000000e+00   2.1012381e+00
   2.0090000e+03   3.0000000e+00   1.4918989e+00
   2.0090000e+03   4.0000000e+00   8.7218227e+00
   2.0090000e+03   5.0000000e+00   4.5223190e+00
   2.0090000e+03   6.0000000e+00   5.1102857e+00
   2.0090000e+03   8.0000000e+00   6.6660638e+00
   2.0090000e+03   9.0000000e+00   1.9340000e+00
   2.0090000e+03   1.0000000e+01   2.8670000e+00
   2.0090000e+03   1.1000000e+01   4.5192682e+00
   2.0090000e+03   1.2000000e+01   4.1136724e+00
   2.0100000e+03   1.0000000e+00   8.7114600e+01
   2.0100000e+03   2.0000000e+00   2.5658740e+01
   2.0100000e+03   3.0000000e+00   1.6289805e+00
   2.0100000e+03   4.0000000e+00   3.5311839e+00
   2.0100000e+03   5.0000000e+00   1.2704000e+00
   2.0100000e+03   6.0000000e+00   3.2950250e+01
   2.0100000e+03   8.0000000e+00   1.1375313e+00
   2.0100000e+03   9.0000000e+00   6.0900000e+00
   2.0100000e+03   1.0000000e+01   8.2430667e+00
   2.0100000e+03   1.1000000e+01   2.7653536e+00
   2.0100000e+03   1.2000000e+01   2.6371957e+00
   2.0110000e+03   1.0000000e+00   6.9443750e-01
   2.0110000e+03   2.0000000e+00   4.0153846e+00
   2.0110000e+03   3.0000000e+00   3.2441000e+00
   2.0110000e+03   4.0000000e+00   1.7807682e+00
   2.0110000e+03   5.0000000e+00   3.6071317e+00
   2.0110000e+03   6.0000000e+00   6.3052606e+00
   2.0110000e+03   7.0000000e+00   6.3503947e+00
   2.0110000e+03   8.0000000e+00   1.0538625e+01
   2.0110000e+03   9.0000000e+00   1.8619298e+00
   2.0110000e+03   1.0000000e+01   7.2888850e+00
   2.0110000e+03   1.1000000e+01   6.4356991e+00
   2.0110000e+03   1.2000000e+01   5.4513957e+00
   2.0120000e+03   1.0000000e+00   4.5646667e+00
   2.0120000e+03   2.0000000e+00   5.0584737e+00
   2.0120000e+03   3.0000000e+00   7.4616188e+00
   2.0120000e+03   4.0000000e+00   3.3189781e+00
   2.0120000e+03   5.0000000e+00   2.7095391e+00
   2.0120000e+03   6.0000000e+00   6.3246875e+00
   2.0120000e+03   7.0000000e+00   5.6446829e+00
   2.0120000e+03   9.0000000e+00   1.5005000e+00
   2.0120000e+03   1.0000000e+01   2.2101581e+00
   2.0120000e+03   1.1000000e+01   5.8623806e+00
   2.0120000e+03   1.2000000e+01   4.0050758e+00
   2.0130000e+03   1.0000000e+00   2.6137778e+00
   2.0130000e+03   2.0000000e+00   4.3906667e+00
   2.0130000e+03   3.0000000e+00   9.1505882e-01
   2.0130000e+03   4.0000000e+00   1.2606295e+01
   2.0130000e+03   5.0000000e+00   2.4491957e+00
   2.0130000e+03   6.0000000e+00   6.0527857e+00
   2.0130000e+03   7.0000000e+00   2.8850000e+00
   2.0130000e+03   8.0000000e+00   4.6288824e+00
   2.0130000e+03   9.0000000e+00   8.8896774e-01
   2.0130000e+03   1.0000000e+01   8.7762222e+00
   2.0130000e+03   1.1000000e+01   4.5334902e+00
   2.0130000e+03   1.2000000e+01   2.4811759e+00
   2.0140000e+03   1.0000000e+00   2.1851667e+00
   2.0140000e+03   2.0000000e+00   4.9553333e+00
   2.0140000e+03   3.0000000e+00   1.8200182e+02
   2.0140000e+03   4.0000000e+00   2.7445000e+00
   2.0140000e+03   5.0000000e+00   2.2560000e+00
   2.0140000e+03   7.0000000e+00   1.2553689e+01
   2.0140000e+03   1.2000000e+01   5.5650000e+00
   2.0150000e+03   1.0000000e+00   1.4266667e+00
   2.0150000e+03   3.0000000e+00   8.5333333e-01
   2.0150000e+03   5.0000000e+00   2.1700000e+00
   2.0150000e+03   7.0000000e+00   1.3500000e+00
   2.0150000e+03   9.0000000e+00   6.5333333e-01