0.0000020
-0.0000210
0.0000085
0.0000060
-0.0000030
0.0000050
0.0000235
-0.0000085
0.0000170
0.0000110
0.0000145
0.0000205
0.0000125
0.0000220
0.0000175
0.0000575
0.0000470
0.0000570
0.0000390
0.0000680
0.0000420
0.0000575
0.0000180
0.0000895
0.0000710
0.0000940
0.0000430
0.0001400
0.0001075
0.0001430
0.0001020
0.0001650
0.0001655
0.0001800
0.0001310
0.0002060
0.0001795
0.0002055
0.0001465
0.0002180
0.0001955
0.0002090
0.0002415
0.0001950
0.0002235
0.0001950
0.0002355
0.0002315
0.0002215
0.0002340
0.0002455
0.0002580
0.0002090
0.0002845
0.0002585
0.0002785
0.0002515
0.0002925
0.0002995
0.0002855
0.0003110
0.0003265
0.0003540
0.0003050
0.0004065
0.0003820
0.0004140
0.0003820
0.0004325
0.0004325
0.0004285
0.0004440
0.0004645
0.0004770
0.0004425
0.0005045
0.0004960
0.0005290
0.0004740
0.0005665
0.0005410
0.0005490
0.0005530
0.0005780
0.0005890
0.0005500
0.0006295
0.0006115
0.0006380
0.0006340
0.0006555
0.0006760
0.0006510
0.0006915
0.0007095
0.0007385
0.0006995
0.0007865
0.0007720
0.0007800
0.0008150
0.0008110
0.0008570
0.0008105
0.0009125
0.0009005
0.0009055
0.0009240
0.0009485
0.0009765
0.0009275
0.0010465
0.0010205
0.0010180
0.0010565
0.0010685
0.0011075
0.0011065
0.0011245
0.0011610
0.0011460
0.0012035
0.0012170
0.0011730
0.0012875
0.0012750
0.0012495
0.0013195
0.0013375
0.0013250
0.0013690
0.0014005
0.0013870
0.0014215
0.0014590
0.0014480
0.0014900
0.0015205
0.0014925
0.0015620
0.0015815
0.0015355
0.0016425
0.0016445
0.0015890
0.0017175
0.0017000
0.0016885
0.0017390
0.0017610
0.0017680
0.0017840
0.0018335
0.0018385
0.0018670
0.0018850
0.0019250
0.0019520
0.0019240
0.0020250
0.0020265
0.0019805
0.0021200
0.0020965
0.0020960
0.0021805
0.0021910
0.0022095
0.0022500
0.0023045
0.0023175
0.0023705
0.0024170
0.0024550
0.0025375
0.0025405
0.0026565
0.0027215
0.0027200
0.0029140
0.0029725
0.0030530
0.0031935
0.0033415
0.0036170
0.0039775
0.0043415
0.0049715
0.0060050
0.0074325
0.0091765
0.0109905
0.0127570
0.0145750
0.0163070
0.0180065
0.0194145
0.0211235
0.0228260
0.0245800
0.0262700
0.0279675
0.0296715
0.0314340
0.0331540
0.0349160
0.0367025
0.0384950
0.0402590
0.0420870
0.0438920
0.0456885
0.0475310
0.0493860
0.0512570
0.0531470
0.0549785
0.0566360
0.0582975
0.0602370
0.0621505
0.0641285
0.0661440
0.0681495
0.0702020
0.0723120
0.0744110
0.0764735
0.0785470
0.0806160
0.0827040
0.0847950
0.0869215
0.0891310
0.0912410
0.0933395
0.0954585
0.0975145
0.0996480
0.1019355
0.1041605
0.1063170
0.1084975
0.1106345
0.1128480
0.1150760
0.1173185
0.1194890
0.1217675
0.1239875
0.1262465
0.1285535
0.1304090
0.1326855
0.1345450
0.1364535
0.1383925
0.1403535
0.1422215
0.1438930
0.1457415
0.1476650
0.1495680
0.1511270
0.1527225
