146.61
214.19
236.10
225.99
242.30
233.12
246.80
235.01
250.24
232.50
253.43
265.58
264.89
273.41
265.50
279.88
260.12
301.26
343.09
421.71
491.21
589.21
754.10
994.49
1293.71
1626.00
1978.90
2358.87
2724.56
3106.02
3489.31
3872.35
4208.23
4452.00
4657.83
4852.45
4951.85
5014.35
5063.60
5108.40
5154.17
5200.81
5284.05
5337.86
5558.74
5718.07
5754.31
5855.86
5977.28
6151.39
6318.79
6488.34
6583.35
6711.88
6863.69
7042.74
7270.39
7547.32
7899.72
8276.92
8702.74
9137.72
9614.44
10067.40
10544.48
11024.49
11468.52
11900.56
12316.98
12730.94
13099.67
13470.73
13818.91
14187.94
14511.88
14886.08
15240.96
15606.32
15964.83
16339.39
16727.33
17104.19
17492.53
17869.19
18271.71
18643.03
19045.78
19447.03
19846.92
20272.21
20700.95
21191.61
21664.48
22176.60
22719.89
23284.12
23850.95
24433.19
25028.12
25606.67
26213.74
26792.31
27389.44
27970.16
28570.29
29193.82
29798.72
30423.53
31045.27
31689.48
32312.60
32952.91
33581.02
34185.81
34832.71
35471.76
36122.73
36787.19
37427.17
38093.23
38747.71
39387.78
40044.70
40687.56
41343.79
42027.46
42696.88
43367.06
44053.49
44706.85
45364.36
46037.74
46691.13
47359.89
48039.28
48710.05
49392.02
50075.38
50740.77
51404.78
52087.02
52746.33
53425.12
54130.74
54828.49
55529.77
56246.39
56946.36
57646.64
58346.47
59059.22
59750.62
60488.76
61215.80
61942.99
62681.78
63422.06
64155.56
64858.20
65589.32
66344.07
67077.04
67831.07
68607.37
69336.33
70104.18
70853.41
71589.05
72311.30
73054.16
73770.36
74484.77
75202.62
75908.27
76610.55
77276.24
77925.75
78581.29
79190.77
79779.98
80356.62
80891.70
81406.38
81883.66
82720.57
83442.71
84017.86
84700.63
85315.75
85768.79
86069.06
86286.83
86527.17
86740.36
86969.66
87207.80
87399.41
87627.47
87835.00
88021.70
88214.48
88379.06
88527.76
88667.56
88788.33
88879.18
88969.79
89029.03
89061.07
89101.82
89106.97
89112.25
89087.35
89031.07
88976.57
88910.78
88792.97
88714.31
88565.88
88371.65
88155.52
87862.99
87570.19
87260.71
86916.38
86558.57
86155.20
85755.96
85378.54
84969.25
84560.59
84181.53
83746.83
83318.10
82893.74
82456.54
82014.36
81564.73
81136.99
80674.93
80188.04
79709.65
79212.45
78690.37
78197.06
77646.45
77084.33
76520.40
75955.44
75380.18
74760.03
74143.62
73566.78
72915.47
72359.74
71772.88
71199.58
70574.02
69949.79
69382.48
68731.95
68045.94
67328.03
66745.03
66080.93
